15
2.846261566717774 1.1617640585880817 0.3289081980734651
14.584003742078934 6.070794440368028 5.938027105265885
29.75011895359539 13.022834266280448 6.312373497948931
83.69150727458502 79.33412858768595 60.88275494778887
10.099248375753913 4.893624316263078 1.5674108801067719
253.7633967576908 50.21563241493241 15.633448841477811
12.664984414185714 5.961562879399088 5.950392173064814
35.86746218252206 34.45680475497589 20.236019383633824
4.0653628711953385 3.009041664838975 2.0783676052078293
27.763943357159967 8.253220215638969 5.383310720845936
121.04776034368146 55.523058979036364 35.18222455301216
10.313901552693178 5.959759041431882 5.958647415718978
332.3768214002496 23.234591319402714 6.036416487539694
2.965187317410785 1.1718599399555016 1.0504848028466625
9.255204006317735 3.4474146632713927 3.2051922931521895
